1 1.0 1.0 0.5 1.0 0.9920634920634921
1 0.5882352941176471 0.33333333333333337 1.0 1.0 0.996031746031746
0 0.05025125628140703 0.17647058823529416 0.05882352941176472 0.0 0.17029972752043598
0 0.04355108877721947 0.17647058823529416 0.05882352941176472 0.0 0.16926201760324988
1 0.8961474036850922 1.0 0.9117647058823529 1.0 0.9945504087193461
1 0.6197654941373534 0.8823529411764706 0.8088235294117647 1.0 0.9884901828029791
0 0.058626465661641536 0.05882352941176472 0.1470588235294118 0.0 0.1952054794520548
0 0.008375209380234505 0.05882352941176472 0.1470588235294118 0.0 0.1952054794520548
1 1.0 1.0 0.19999999999999996 1.0 0.9898305084745763
1 0.5089285714285714 1.0 0.6 1.0 0.9898305084745763
0 0.0 0.050000000000000044 0.16216216216216217 0.0 0.6684931506849314
0 0.0 0.050000000000000044 0.16216216216216217 0.0 0.6703296703296704
1 0.7961783439490446 1.0 1.0 1.0 0.9972677595628415
1 0.5987261146496815 1.0 1.0 1.0 0.994535519125683
0 0.031847133757961776 0 0.32432432432432434 0 0.592896174863388
0 0.031847133757961776 0 0.32432432432432434 0 0.5901639344262295
1 0.959349593495935 1 1.0 1 1.0
1 0.33333333333333337 1 1.0 1 0.9961832061068703
0 0.016260162601625994 1 0 0 0.20992366412213737
0 0.016260162601625994 1 0 0 0.20992366412213737
1 0.8518518518518519 1 1 1.0 0.9861111111111112
1 0.9259259259259259 1 1 1.0 0.9861111111111112
0 0.03703703703703709 0 0 0.33333333333333337 0.7222222222222222
0 0.03703703703703709 0 0 0.33333333333333337 0.7222222222222222
1 0.9583333333333334 1.0 1.0 1.0 1.0
1 0.75 1.0 1.0 1.0 1.0
0 0.05217391304347829 0.0 0.0 0.5 0.20261437908496727
0 0.02608695652173909 0.0 0.0 0.5 0.2012987012987013
1 0.9391304347826087 0.6666666666666667 0.5 1.0 0.9902912621359223
1 0.7043478260869565 0.6666666666666667 0.16666666666666663 1.0 0.9967637540453075
0 0.051851851851851816 0.13636363636363635 0.0821917808219178 0.0 0.1584728033472803
0 0.051851851851851816 0.13636363636363635 0.0821917808219178 0.0 0.1588883062401678
1 0.8098765432098766 0.5909090909090908 0.589041095890411 1.0 0.9900627615062761
1 0.7530864197530864 0.4545454545454546 0.589041095890411 1.0 0.9926586261143157
0 0.00987654320987652 0.13636363636363635 0.1095890410958904 0.0 0.10248283148441628
0 0.00987654320987652 0.13636363636363635 0.1095890410958904 0.0 0.10248283148441628
1 0.9367088607594937 1.0 1.0 1.0 1.0
1 0.7848101265822784 1.0 1.0 1.0 1.0
0 0.012345679012345734 0 0.0 0.33333333333333337 0.7376237623762376
0 0.012345679012345734 0 0.0 0.33333333333333337 0.7227722772277227
1 0.962962962962963 1 1.0 1.0 0.9950248756218906
1 0.5555555555555556 1 1.0 1.0 0.9800995024875622
0 0.11627906976744184 1 0.5 1.0 0.7142857142857143
1 0.8604651162790697 1 0.75 1.0 0.9714285714285714
0 0.0 0 0.625 0.0 0.7755102040816326
0 0.0 0 0.625 0.0 0.7714285714285715
1 0.4367816091954023 1.0 1.0 1.0 1.0
1 0.6896551724137931 1.0 1.0 1.0 0.9953917050691244
0 0.0 0 0.25 0 0.4055299539170507
0 0.0 0 0.25 0 0.3963133640552995
1 0.9302325581395349 1 1.0 1 1.0
1 0.7906976744186046 1 1.0 1 0.9789473684210527
0 0.011424219345011477 1 0.002290950744558984 0 0.020676234492824075
0 0.011424219345011477 1 0.002290950744558984 0 0.02066115702479343
1 0.9101294744859101 1 0.995418098510882 1.0 0.9992702505473121
1 0.7936024371667936 1 0.97709049255441 1.0 0.9985415653864852
0 0.0007616146230007281 1 0 0 0.008519961051606573
0 0.0007616146230007281 1 0 0 0.008519961051606573
1 1.0 1 1 1 1.0
1 0.736842105263158 1 1 1 1.0
0 0.0 0 0 0 0.1610169491525424
0 0.0 0 0 0 0.1610169491525424
1 0.7261904761904762 1.0 0.8666666666666667 1.0 0.9915966386554622
1 0.5595238095238095 1.0 0.7333333333333334 1.0 0.9915966386554622
0 0.07692307692307687 0 0.0 0.0 0.46122448979591835
0 0.004273504273504258 0 0.0 0.0 0.46216768916155415
1 0.9188034188034188 1 1.0 1.0 0.9959349593495935
1 0.5128205128205128 1 1.0 1.0 0.9939024390243902
0 0.07264957264957261 0 0.11538461538461542 1.0 0.6768292682926829
0 0.06837606837606836 0 0.11538461538461542 1.0 0.6788617886178862
1 0.6394557823129252 1.0 0.875 1.0 0.989100817438692
1 0.34013605442176875 1.0 0.75 1.0 0.9918256130790191
0 0.013605442176870763 0 0.23076923076923073 0.0 0.3923705722070845
0 0.0 0 0.23076923076923073 0.0 0.3923705722070845
1 0.8200000000000001 1 1.0 1.0 0.9938650306748467
1 0.36 1 1.0 1.0 0.9878048780487805
0 0.04054054054054057 1 0.1923076923076923 0.0 0.6022099447513812
0 0.04054054054054057 1 0.1923076923076923 0.0 0.6174863387978142
1 0.9459459459459459 1 1.0 1.0 0.9731182795698925
1 0.7027027027027026 1 0.6666666666666667 1.0 0.9838709677419355
0 0.29239766081871343 1 0.5 0.5 0.4547677261613692
0 0.10526315789473684 1 0.5 0.5 0.4536585365853658
1 0.6842105263157895 1 0.8333333333333334 1.0 0.9855421686746988
1 0.36257309941520466 1 0.8333333333333334 1.0 0.9879518072289156
0 0.011695906432748537 0 0.3571428571428571 0.0 0.5180722891566265
0 0.01754385964912286 0 0.3571428571428571 0.0 0.5132530120481928
1 0.8349514563106796 1.0 1.0 1.0 1.0
1 0.5825242718446602 1.0 1.0 1.0 0.9923954372623575
0 0.0 0 0.2142857142857143 0.0 0.23754789272030652
0 0.0 0 0.2857142857142857 0.0 0.22988505747126442
1 0.8461538461538461 1 0.5 1.0 0.9733333333333334
1 0.5384615384615384 1 1.0 1.0 1.0
0 0.03448275862068961 0 0.3076923076923077 1.0 0.1898016997167139
1 0.8482758620689655 1.0 0.5384615384615384 1.0 0.9915730337078652
0 0.028066528066528096 0.023809523809523836 0.05241935483870963 0.0 0.11578947368421055
0 0.006237006237006182 0.023809523809523836 0.05241935483870963 0.0 0.11594695681740907
1 0.7318087318087318 0.7380952380952381 0.625 1.0 0.9955857385398982
1 0.2692307692307693 0.6071428571428572 0.41532258064516125 1.0 0.9969398163889833
0 0.1424116424116424 0.023809523809523836 0.09677419354838712 0.25 0.2752387448840382
0 0.1143451143451143 0.023809523809523836 0.09677419354838712 0.25 0.2738744884038199
1 0.9549180327868853 1.0 0.43939393939393945 1.0 0.9987714987714987
1 0.8319672131147541 1.0 0.5606060606060606 1.0 0.996309963099631
0 0.20232558139534884 0.0 0.2191780821917808 0.25 0.5460992907801419
0 0.172093023255814 0.0 0.2191780821917808 0.25 0.5460992907801419
1 0.9418604651162791 0.7777777777777778 0.7534246575342466 1.0 0.998426435877262
1 0.8232558139534883 0.7777777777777778 0.6164383561643836 1.0 0.998426435877262
0 0.009302325581395321 0.0 0.04109589041095896 0.0 0.1424075531077892
0 0.006976744186046546 0.0 0.04109589041095896 0.0 0.14083398898505117
1 0.925 1.0 1.0 1.0 0.9731182795698925
1 0.55 1.0 0.6666666666666667 1.0 0.9836956521739131
0 0.0031847133757961776 0.0 0.2142857142857143 0 0.25629629629629624
0 0.0 0.0 0.2142857142857143 0 0.25629629629629624
1 0.8885350318471338 1.0 1.0 1 0.9955555555555555
1 0.4267515923566879 1.0 0.7142857142857143 1 0.9955555555555555
0 0.035031847133757954 0.0 0.4285714285714286 0 0.4017857142857143
0 0.031847133757961776 0.0 0.5 0 0.40773809523809523
1 0.8220338983050848 1.0 0.4545454545454546 1.0 0.9867109634551495
1 0.6610169491525424 1.0 0.4545454545454546 1.0 1.0
0 0.0423728813559322 0.0 0.33333333333333337 0.0 0.6386554621848739
0 0.03389830508474578 0.0 0.33333333333333337 0.0 0.6368715083798883
1 0.8095238095238095 1.0 1.0 1.0 1.0
1 0.638095238095238 1.0 1.0 1.0 0.9972067039106145
0 0.0 0 0.11111111111111116 0.0 0.2857142857142857
0 0.01904761904761909 0 0.11111111111111116 0.0 0.2857142857142857
1 1.0 1 1.0 1.0 1.0
1 0.3793103448275862 1 1.0 1.0 1.0
0 0.06521739130434778 1 0.2142857142857143 0.5 0.5310344827586206
0 0.06521739130434778 1 0.2142857142857143 0.5 0.5410958904109588
1 0.9130434782608696 1 0.4285714285714286 1.0 0.9731543624161074
1 0.5869565217391304 1 0.4285714285714286 1.0 0.9798657718120806
0 0.011913626209977712 0 0.03743315508021394 0.0 0.043129089827483647
0 0.005212211466865235 0 0.03743315508021394 0.0 0.04320619785458879
1 0.9203276247207743 0.8870967741935484 0.518716577540107 1.0 0.9919690660321238
1 0.4460163812360387 0.8548387096774194 0.6951871657754011 1.0 0.9937425506555423
0 0.055100521221146725 0.32258064516129037 0.25668449197860965 0.09090909090909094 0.22398800599700153
0 0.05212211466865224 0.33870967741935487 0.2620320855614974 0.09090909090909094 0.22458770614692658
1 0.9279661016949152 0.7307692307692308 0.5942028985507246 1.0 0.9986876640419947
1 0.6016949152542372 0.9230769230769231 0.7101449275362319 1.0 0.9960732984293194
0 0.0 0.07692307692307687 0.14492753623188404 0.0 0.35479632063074906
0 0.05084745762711862 0.07692307692307687 0.14492753623188404 0.0 0.35348226018396844
1 0.7627118644067796 1.0 0.7272727272727273 1.0 0.9929328621908127
1 0.5932203389830508 1.0 0.7272727272727273 1.0 0.9893992932862191
0 0.05084745762711862 0.2222222222222222 0.3571428571428571 0.0 0.5618374558303887
0 0.07627118644067798 0.2222222222222222 0.3571428571428571 0.0 0.5653710247349824
1 0.8939393939393939 1.0 1.0 1.0 1.0
1 0.7121212121212122 1.0 1.0 1.0 0.9940476190476191
0 0.0 0.2222222222222222 0.0714285714285714 0.33333333333333337 0.36757990867579904
0 0.0 0.2222222222222222 0.0714285714285714 0.33333333333333337 0.3692660550458715
1 0.8742857142857143 1.0 1.0 1.0 0.9931506849315068
1 0.6514285714285715 0.75 1.0 1.0 0.9977064220183486
0 0.03428571428571425 0.25 0.21739130434782605 0.0 0.6643678160919539
0 0.02285714285714291 0.25 0.21739130434782605 0.0 0.6643678160919539
1 0.6824324324324325 1.0 1.0 1.0 0.9933774834437086
1 0.5202702702702703 1.0 1.0 1.0 0.9933774834437086
0 0.06896551724137934 0.33333333333333337 0.3125 1.0 0.42568542568542567
1 0.6053639846743295 0.33333333333333337 0.75 1.0 0.9928366762177651
0 0.15708812260536398 0.2857142857142857 0.3125 0.6666666666666667 0.8223495702005731
0 0.07662835249042144 0.1428571428571429 0.1875 0.6666666666666667 0.8209169054441261
1 0.7732793522267206 1.0 0.3125 1.0 0.9886914378029079
1 0.5789473684210527 0.5714285714285714 0.3125 1.0 0.9870759289176091
0 0.08502024291497978 0.1428571428571429 0.1875 0.33333333333333337 0.19547657512116312
0 0.07692307692307687 0.1428571428571429 0.1875 0.33333333333333337 0.1938610662358643
1 0.9523809523809523 1.0 0.2857142857142857 1.0 0.9761904761904762
1 0.8333333333333334 1.0 0.2857142857142857 1.0 0.9682539682539683
0 0.04761904761904767 0 0.0714285714285714 0.0 0.38888888888888884
0 0.04761904761904767 0 0.0714285714285714 0.0 0.39682539682539686
1 0.8947368421052632 1 1.0 1.0 1.0
1 0.9473684210526316 1 1.0 1.0 0.9821428571428571
0 0.009708737864077666 0 0.02083333333333337 0.0 0.09872029250457037
1 0.8446601941747574 1.0 0.125 1.0 0.9891500904159132
0 0.0 0 0.16666666666666663 0 0.0940325497287523
0 0.0 0 0.16666666666666663 0 0.0940325497287523
1 0.5882352941176471 1 1.0 1 1.0
1 0.5294117647058824 1 1.0 1 1.0
0 0.0 0 0.4117647058823529 0 0.1850533807829181
0 0.0 0 0.4117647058823529 0 0.1850533807829181
1 0.9051094890510949 1.0 1.0 1.0 0.9964539007092199
1 0.43795620437956206 1.0 1.0 1.0 0.9964539007092199
0 0.007092198581560294 0.2222222222222222 0.2941176470588235 1.0 0.6755952380952381
0 0.0 0.2222222222222222 0.2941176470588235 1.0 0.6775147928994083
1 0.9787234042553191 1.0 0.6666666666666667 1.0 0.9853372434017595
1 0.36879432624113473 1.0 0.6666666666666667 1.0 0.9912023460410557
0 0.2064896755162242 0.5 0.18181818181818177 1.0 0.3687707641196013
0 0.05014749262536877 0.5 0.18181818181818177 1.0 0.3695893451720311
1 0.8613569321533923 1.0 0.6666666666666667 1.0 0.9923076923076923
1 0.5575221238938053 1.0 0.5454545454545454 1.0 0.9901098901098901
0 0.04424778761061943 0.0 0.33333333333333337 0.0 0.2681318681318682
0 0.053097345132743334 0.0 0.303030303030303 0.0 0.27252747252747256
1 0.8194444444444444 1.0 0.6153846153846154 1.0 0.9616858237547893
1 0.6944444444444444 1.0 0.3846153846153846 1.0 0.9770114942528736
0 0.13385826771653542 0 0.23076923076923073 0.0 0.5938566552901023
0 0.0 0 0.23076923076923073 0.0 0.5896551724137931
1 0.952755905511811 1 0.6 1.0 0.9898648648648649
1 0.22047244094488194 1 1.0 1.0 0.9797297297297297
0 0.11811023622047245 0 0.4285714285714286 0.6666666666666667 0.8228228228228228
0 0.13385826771653542 0 0.3571428571428571 0.6666666666666667 0.8130563798219584
1 0.8032786885245902 0.33333333333333337 0.5 1.0 0.9823008849557522
1 0.7950819672131147 0.33333333333333337 0.5714285714285714 1.0 0.9941002949852508
0 0.008196721311475419 0 0 0.33333333333333337 0.0471976401179941
0 0.008196721311475419 0 0 0.33333333333333337 0.0471976401179941
1 1.0 1 1 1.0 0.9444444444444444
1 1.0 1 1 1.0 0.9444444444444444
0 0.0 0 0 0.0 0.009077155824508298
0 0.0 0 0 0.0 0.00906801007556679
1 0.8523153942428034 0.8979591836734694 0.8125 1.0 0.9924357034795764
1 0.5319148936170213 0.6122448979591837 0.6388888888888888 1.0 0.9914357682619648
0 0.0025031289111389077 0 0 0 0.013719512195121908
0 0.0025031289111389077 0 0 0 0.013719512195121908
1 1.0 1 1 1 0.9310344827586207
1 1.0 1 1 1 0.9310344827586207
0 0.016260162601625994 0 0 0 0.05150976909413851
0 0.016260162601625994 0 0 0 0.051785714285714324
1 0.8739837398373984 0.6666666666666667 0.46153846153846156 1.0 0.9946996466431095
1 0.5081300813008129 0.6666666666666667 0.4871794871794872 1.0 0.9893992932862191
0 0.020325203252032575 0 0.05128205128205132 0 0.06890459363957602
0 0.020325203252032575 0 0.05128205128205132 0 0.06713780918727918
1 0.5833333333333333 1 1.0 1 1.0
1 0.8333333333333334 1 1.0 1 0.975
0 0.001071811361200381 0 0.01898734177215189 0 0.016528925619834656
0 0.001071811361200381 0 0.01898734177215189 0 0.016576875259013635
1 0.69989281886388 0.75 0.7278481012658228 1.0 0.9913223140495868
1 0.4715969989281886 0.6363636363636364 0.5506329113924051 1.0 0.9941980936593452
0 0.026590693257359965 0.40909090909090906 0.22784810126582278 0.09090909090909094 0.7270007479431564
1 0.7198480531813864 0.3928571428571429 0.7286821705426356 1.0 0.9977611940298508
0 0.005698005698005715 0.25 0.2790697674418605 0.0 0.31604477611940296
0 0.0047483380816714105 0.2142857142857143 0.2713178294573644 0.0 0.31604477611940296
1 0.9105058365758755 0.75 0.8181818181818181 1.0 0.9965116279069768
1 0.6303501945525292 0.5 0.5272727272727273 1.0 0.9965116279069768
0 0.0 0 0 0 0.03267211201866982
0 0.0 0 0 0 0.031505250875145885
1 0.7142857142857143 1 1 1 0.9655172413793104
1 0.4285714285714286 1 1 1 0.9310344827586207
0 0.1071428571428571 0 0 0 0.32183908045977017
0 0.1071428571428571 0 0 0 0.32558139534883723
1 0.9285714285714286 1.0 1.0 1.0 0.9886363636363636
1 0.8214285714285714 1.0 1.0 1.0 0.9772727272727273
0 0.017391304347826098 0.125 0.1428571428571429 0.16666666666666663 0.23184357541899436
1 0.7478260869565218 1.0 1.0 1.0 0.9916201117318436
0 0.05303030303030298 0.0 0.1428571428571429 0.16666666666666663 0.6957746478873239
0 0.007575757575757569 0.0 0.1428571428571429 0.16666666666666663 0.6901408450704225
1 0.8560606060606061 1.0 1.0 1.0 0.9967637540453075
1 0.6212121212121212 1.0 1.0 1.0 0.9967532467532467
0 0.0060975609756097615 0 0.0 0.0 0.7044854881266491
0 0.0060975609756097615 0 0.125 0.0 0.701058201058201
1 0.8780487804878049 1 0.625 1.0 0.994750656167979
1 0.44512195121951215 1 0.875 1.0 0.9921259842519685
0 0.07333333333333336 0 0.13888888888888884 0.25 0.45386533665835416
0 0.16000000000000003 0 0.16666666666666663 0.25 0.45273631840796025
1 0.6799999999999999 1.0 0.8611111111111112 1.0 0.9901234567901235
1 0.7366666666666667 1.0 0.75 1.0 0.9925925925925926
0 0.14 0.0 0.36111111111111116 0.125 0.2728395061728395
0 0.05666666666666664 0.0 0.36111111111111116 0.125 0.2716049382716049
1 0.9012345679012346 1.0 0.8666666666666667 1.0 0.9912663755458515
1 0.5185185185185186 1.0 0.8666666666666667 1.0 0.9868995633187773
0 0.06172839506172845 1.0 0.1333333333333333 0.0 0.519650655021834
0 0.06172839506172845 1.0 0.19999999999999996 0.0 0.5283842794759825
1 0.875 1.0 0.6666666666666667 1.0 0.9699248120300752
1 0.7083333333333333 1.0 1.0 1.0 0.9849624060150376
0 0.0 0.0 0.25 0.0 0.5374449339207048
0 0.022471910112359605 0.0 0.25 0.0 0.5398230088495575
1 0.9101123595505618 1.0 1.0 1.0 1.0
1 0.752808988764045 1.0 1.0 1.0 0.9955947136563876
0 0.0 0.09090909090909094 0.4 0.0 0.3338509316770186
0 0.0 0.09090909090909094 0.4 0.0 0.33281733746130027
1 0.6885964912280702 1.0 1.0 1.0 0.9984472049689441
1 0.618421052631579 1.0 1.0 1.0 0.9953560371517027
0 0.013157894736842146 0.23076923076923073 0.34615384615384615 0.25 0.4587869362363919
0 0.013157894736842146 0.23076923076923073 0.34615384615384615 0.25 0.4556765163297045
1 0.8037383177570093 1.0 0.8076923076923077 1.0 0.996742671009772
1 0.4579439252336449 1.0 1.0 1.0 0.990228013029316
0 0.04672897196261683 0.23076923076923073 0.038461538461538436 0.33333333333333337 0.5179153094462541
0 0.03738317757009346 0.23076923076923073 0.038461538461538436 0.33333333333333337 0.5211726384364821
1 0.9577464788732395 1.0 1.0 1.0 0.9883040935672515
1 0.7605633802816901 1.0 1.0 1.0 0.9941520467836258
0 0.020000000000000018 0.2222222222222222 0.0 0.0 0.20795892169448005
0 0.020000000000000018 0.2222222222222222 0.0 0.0 0.20876288659793818
1 0.7942857142857143 0.33333333333333337 0.7142857142857143 1.0 0.9873257287705957
1 0.74 0.33333333333333337 0.8214285714285714 1.0 0.9835234474017744
0 0.005714285714285672 0.19999999999999996 0.1785714285714286 0.0 0.376425855513308
0 0.0028571428571428914 0.19999999999999996 0.1785714285714286 0.0 0.3751584283903675
1 0.7372881355932204 1.0 1.0 1.0 0.9968354430379747
1 0.5423728813559322 1.0 1.0 1.0 1.0
0 0.016949152542372836 0 0 0 0.14603174603174607
1 0.9130434782608696 1 1 1 0.9811320754716981
0 0.03389830508474578 0 0 0 0.2545454545454545
0 0.03389830508474578 0 0 0 0.2530120481927711
1 0.847457627118644 1.0 0.4 1.0 1.0
1 0.728813559322034 1.0 0.4 1.0 0.9939759036144579
0 0.0014598540145985828 0.03809523809523807 0.04166666666666663 0.0 0.10238248551191242
0 0.0014598540145985828 0.03809523809523807 0.04166666666666663 0.0 0.10231660231660233
1 0.8248175182481752 1.0 1.0 1.0 0.9980719794344473
1 0.6102189781021898 1.0 1.0 1.0 0.9987146529562982
0 0.005839416058394109 0.00952380952380949 0.04861111111111116 0.25 0.09640102827763497
0 0.021897810218978075 0.00952380952380949 0.04861111111111116 0.25 0.0983290488431876
1 0.7692307692307692 1.0 1.0 1.0 0.9745222929936306
1 0.6153846153846154 1.0 0.5555555555555556 1.0 0.9936305732484076
0 0.0945454545454546 0 0.06976744186046513 0.25 0.24875621890547261
0 0.047272727272727244 0 0.06976744186046513 0.25 0.24875621890547261
1 0.9636363636363636 1 0.9069767441860466 1.0 0.9917763157894737
1 0.2145454545454546 1 0.8837209302325582 1.0 0.9917763157894737
0 0.034267912772585674 0 0.2790697674418605 0.0 0.6842105263157895
0 0.012461059190031154 0 0.2790697674418605 0.0 0.6825
1 0.8722741433021807 1.0 0.8 1.0 0.9974937343358397
1 0.4392523364485982 1.0 0.75 1.0 0.995
0 0.04672897196261683 0 0.30000000000000004 0.09999999999999998 0.335427135678392
0 0.04672897196261683 0 0.30000000000000004 0.09999999999999998 0.33417085427135673
1 0.9313725490196079 1 0.75 1.0 1.0
1 0.5588235294117647 1 0.6666666666666667 1.0 0.99644128113879
0 0.37254901960784315 0 0.3571428571428571 1.0 0.6619217081850534
0 0.303921568627451 0 0.3571428571428571 1.0 0.6583629893238434
1 0.9066666666666666 1.0 0.9285714285714286 1.0 0.995049504950495
1 0.6933333333333334 1.0 0.7142857142857143 1.0 0.9900990099009901
0 0.42666666666666664 0 0.2142857142857143 0.5 0.5693069306930694
0 0.3466666666666667 0 0.2142857142857143 0.5 0.5792079207920793
1 0.7959183673469388 1 0.6666666666666667 1.0 0.9831932773109243
1 0.5918367346938775 1 1.0 1.0 1.0
0 0.051851851851851816 0 0.06666666666666665 0 0.22645290581162325
0 0.03703703703703709 0 0.06666666666666665 0 0.22782258064516125
1 0.9481481481481482 1.0 0.9555555555555556 1 0.9959919839679359
1 0.8740740740740741 1.0 0.5777777777777777 1 0.9979879275653923
0 0.19780219780219777 0.25 0.19999999999999996 0 0.5171026156941649
1 0.9395604395604396 1.0 0.6666666666666667 1.0 0.9891540130151844
0 0.01098901098901095 0.375 0.5 0.0 0.5509761388286334
0 0.05494505494505497 0.375 0.5 0.0 0.5531453362255965
1 0.8333333333333334 1.0 0.8 1.0 1.0
1 0.75 1.0 0.6 1.0 0.996309963099631
0 0 0 0 0 0
0 0 0 0 0 0
1 1 1 1 1 1
1 1 1 1 1 1
0 0 0 0 0 0
0 0 0 0 0 0
1 0.8289473684210527 1.0 1.0 1.0 0.9901960784313726
1 0.4078947368421053 1.0 1.0 1.0 1.0
0 0.0390625 0.5 0.16666666666666663 0.0 0.5359281437125749
0 0.0859375 0.5 0.16666666666666663 0.0 0.5327380952380952
1 0.6328125 1.0 0.6666666666666667 1.0 0.9881656804733728
1 0.5 0.5 0.33333333333333337 1.0 0.9940828402366864
0 0.0625 0 0.33333333333333337 0.5 0.4023668639053254
0 0.0625 0 0.33333333333333337 0.5 0.40828402366863903
1 0.6060606060606061 1 1.0 1.0 1.0
1 0.5757575757575757 1 1.0 1.0 0.9863945578231292
0 0.018358531317494653 0 0.03539823008849563 0.08333333333333337 0.06137339055793989
1 0.869330453563715 0.7297297297297297 0.6106194690265487 1.0 0.9896995708154507
0 0.08315334773218142 0.18918918918918914 0.2831858407079646 0.16666666666666663 0.21725932350390287
0 0.08423326133909292 0.18918918918918914 0.2831858407079646 0.16666666666666663 0.21595836947094538
1 0.8275862068965517 1.0 0.875 1.0 0.9820717131474104
1 0.6724137931034483 1.0 0.8333333333333334 1.0 0.9879759519038076
0 0.08620689655172409 0.2857142857142857 0.16666666666666663 0.0 0.3874239350912779
0 0.005747126436781658 0.2857142857142857 0.16666666666666663 0.0 0.3874239350912779
1 0.7926829268292683 1.0 0.75 1.0 0.9904306220095693
1 0.6341463414634146 1.0 0.75 1.0 0.9904306220095693
0 0.02692307692307694 0.0 0.4666666666666667 0.0 0.32113144758735446
0 0.06153846153846154 0.0 0.4666666666666667 0.0 0.3184818481848185
1 0.6923076923076923 1.0 0.6666666666666667 1.0 0.9901153212520593
1 0.47307692307692306 1.0 0.5333333333333333 1.0 0.9983525535420099
0 0.09999999999999998 0 0.4 0 0.2125205930807249
0 0.09230769230769231 0 0.4 0 0.20922570016474462
1 1.0 1 1.0 1 0.9852941176470589
1 0.5714285714285714 1 0.875 1 0.9705882352941176
0 0.0 0 0.19999999999999996 0 0.2324324324324324
0 0.0 0 0.25 0 0.2324324324324324
1 0.7345132743362832 1.0 1.0 1.0 0.9927927927927928
1 0.3893805309734514 0.75 0.55 1.0 0.9927927927927928
0 0.43805309734513276 1.0 0.5 0.6666666666666667 0.736842105263158
1 0.650887573964497 1.0 1.0 1.0 0.9927710843373494
0 0.017751479289940808 0 0.1578947368421053 0.0 0.22330097087378642
0 0.00591715976331364 0 0.1578947368421053 0.0 0.23058252427184467
1 0.6875 1 0.6 1.0 0.9652173913043478
1 0.6458333333333333 1 0.6 1.0 0.991304347826087
0 0.0 0 0.16666666666666663 0.0 0.3665480427046264
0 0.09999999999999998 0 0.16666666666666663 0.0 0.3639575971731449
1 0.6636363636363636 1.0 0.33333333333333337 1.0 0.9894366197183099
1 0.9 0.33333333333333337 0.33333333333333337 1.0 0.9964788732394366
0 0.0 0.16666666666666663 0.25 0.33333333333333337 0.7007042253521127
0 0.07272727272727275 0.16666666666666663 0.25 0.33333333333333337 0.704225352112676
1 0.5578947368421052 0.5 0.375 1.0 0.9959514170040485
1 0.8315789473684211 0.5 0.5 1.0 0.9919028340080972
0 0.0 0 0 0 0.09311740890688258
0 0.0 0 0 0 0.09311740890688258
1 1.0 1 1 1 1.0
1 1.0 1 1 1 1.0
0 0.027027027027026973 0 0 0 0.18253968253968256
0 0.027027027027026973 0 0 0 0.18253968253968256
1 0.6486486486486487 1.0 1.0 1.0 0.9920634920634921
1 0.7837837837837838 1.0 1.0 1.0 0.9920634920634921
0 0.10810810810810811 0 0.33333333333333337 0.0 0.624
0 0.0 0 0.33333333333333337 0.0 0.648
1 1.0 1 1.0 1.0 0.9818181818181818
1 0.6363636363636364 1 0.33333333333333337 1.0 0.990990990990991
0 0.02941176470588236 0 0.33333333333333337 0.5 0.5655172413793104
0 0.02941176470588236 0 0.33333333333333337 0.5 0.5655172413793104
1 0.9117647058823529 1.0 1.0 1.0 0.9931506849315068
1 0.6029411764705883 1.0 1.0 1.0 0.9931506849315068
0 0.0 0.33333333333333337 0.052631578947368474 0.25 0.4299674267100977
0 0.0 0.33333333333333337 0.052631578947368474 0.25 0.4299674267100977
1 1.0 1.0 0.7894736842105263 1.0 0.983974358974359
1 0.6603773584905661 1.0 0.8947368421052632 1.0 0.983974358974359
0 0.09433962264150941 0 0.368421052631579 0 0.5032051282051282
0 0.07547169811320753 0 0.368421052631579 0 0.516025641025641
1 0.8611111111111112 1 1.0 1 0.9259259259259259
1 0.5277777777777778 1 0.7777777777777778 1 0.9470899470899471
0 0.04109589041095896 1 0.23076923076923073 0 0.2678062678062678
1 0.8972602739726028 1 0.8846153846153846 1.0 0.9845722300140253
0 0.11643835616438358 0 0.1785714285714286 0.5 0.5820476858345021
0 0.09589041095890416 0 0.1785714285714286 0.5 0.5862552594670407
1 0.9109947643979057 1.0 1.0 1.0 0.991130820399113
1 0.8219895287958116 1.0 1.0 1.0 0.9977827050997783
0 0.03141361256544506 0 0.25 0.25 0.21507760532150777
0 0.03664921465968585 0 0.2857142857142857 0.25 0.21729490022172948
1 0.8888888888888888 1 0.8888888888888888 1.0 0.9702970297029703
1 0.5 1 0.6666666666666667 1.0 0.9801980198019802
0 0.042424242424242475 1 0.23076923076923073 0.5 0.1901140684410646
0 0.042424242424242475 1 0.3076923076923077 0.5 0.19267822736030826
1 0.9757575757575757 1 0.6153846153846154 1.0 0.9923954372623575
1 0.8484848484848485 1 0.6923076923076923 1.0 0.9942528735632183
0 0.012121212121212088 1 0.07692307692307687 0 0.04022988505747127
0 0.012121212121212088 1 0.07692307692307687 0 0.03831417624521072
1 1.0 1 1.0 1 0.9545454545454546
1 0.8571428571428572 1 1.0 1 0.9090909090909091
0 0.009433962264150941 0 0.1428571428571429 0 0.0862745098039216
0 0.0 0 0.1428571428571429 0 0.0862745098039216
1 0.7547169811320755 1.0 1.0 1.0 0.99609375
1 0.6981132075471699 1.0 1.0 1.0 0.99609375
0 0.009433962264150941 0.0714285714285714 0.21739130434782605 0.0 0.7190635451505016
0 0.009433962264150941 0.0714285714285714 0.21739130434782605 0.0 0.7166666666666667
1 0.83 1.0 0.9130434782608696 1.0 0.9933554817275747
1 0.62 1.0 0.9130434782608696 1.0 0.9966777408637874
0 0.09615384615384615 0.3571428571428571 0.34782608695652173 0.0 0.4553264604810997
0 0.07692307692307687 0.2857142857142857 0.30434782608695654 0.0 0.4592720970537262
1 0.9182692307692307 0.8571428571428572 0.6153846153846154 1.0 0.9965753424657534
1 0.6730769230769231 1.0 0.6153846153846154 1.0 0.988013698630137
